1 0.079327 0.834135 0.158654 0.163462
1 0.272837 0.741587 0.192308 0.216346
2 0.330529 0.443510 0.495192 0.346154
1 0.079327 0.834135 0.158654 0.163462
1 0.423077 0.890625 0.216346 0.161058
1 0.115385 0.305288 0.216346 0.161058
1 0.913462 0.098558 0.168269 0.197115
1 0.680288 0.793269 0.230769 0.211538
1 0.909856 0.806490 0.175481 0.189904
1 0.700721 0.054087 0.266827 0.105769
1 0.358173 0.169471 0.278846 0.185096
1 0.581731 0.600962 0.230769 0.149038
1 0.631010 0.397837 0.187500 0.192308
1 0.794471 0.540865 0.225962 0.204327
1 0.877404 0.338942 0.225962 0.204327
1 0.109375 0.626202 0.218750 0.165865
1 0.700721 0.054087 0.266827 0.105769
1 0.358173 0.169471 0.278846 0.185096
1 0.581731 0.600962 0.230769 0.149038
1 0.631010 0.397837 0.187500 0.192308
1 0.794471 0.540865 0.225962 0.204327
1 0.877404 0.338942 0.225962 0.204327
1 0.109375 0.626202 0.218750 0.165865
1 0.272837 0.741587 0.192308 0.216346
1 0.909856 0.806490 0.175481 0.189904
1 0.680288 0.793269 0.230769 0.211538
1 0.913462 0.098558 0.168269 0.197115
1 0.115385 0.305288 0.216346 0.161058
1 0.423077 0.890625 0.216346 0.161058
2 0.330529 0.443510 0.495192 0.346154
