0 0.435337 0.214663 0.081250 0.096154
2 0.735577 0.752404 0.372596 0.447115
1 0.625000 0.162260 0.230769 0.319712
1 0.557692 0.854567 0.117788 0.264423
1 0.331731 0.830529 0.163462 0.283654
1 0.376202 0.562500 0.192308 0.228365
1 0.485577 0.614183 0.201923 0.228365
1 0.699519 0.401442 0.173077 0.216346
1 0.870192 0.319712 0.173077 0.216346
1 0.915865 0.544471 0.163462 0.216346
1 0.471154 0.090144 0.158654 0.177885
1 0.318510 0.090144 0.158654 0.177885
1 0.263221 0.288462 0.185096 0.254808
1 0.348558 0.349760 0.182692 0.235577
1 0.052885 0.562500 0.100962 0.269231
1 0.348558 0.349760 0.182692 0.235577
1 0.167067 0.774038 0.182692 0.235577
2 0.735577 0.752404 0.372596 0.447115
1 0.625000 0.162260 0.230769 0.319712
1 0.557692 0.854567 0.117788 0.264423
1 0.331731 0.830529 0.163462 0.283654
1 0.376202 0.562500 0.192308 0.228365
1 0.485577 0.614183 0.201923 0.228365
1 0.699519 0.401442 0.173077 0.216346
1 0.870192 0.319712 0.173077 0.216346
1 0.915865 0.544471 0.163462 0.216346
1 0.471154 0.090144 0.158654 0.177885
1 0.318510 0.090144 0.158654 0.177885
1 0.263221 0.288462 0.185096 0.254808
1 0.167067 0.774038 0.182692 0.235577
1 0.052885 0.562500 0.100962 0.269231
