1 0.253606 0.156250 0.225962 0.175481
2 0.275240 0.707933 0.432692 0.360577
1 0.844952 0.600962 0.305288 0.221154
1 0.175481 0.534856 0.254808 0.115385
1 0.198317 0.317308 0.276442 0.158654
1 0.457933 0.359375 0.221154 0.185096
1 0.408654 0.465144 0.221154 0.197115
1 0.615385 0.671875 0.206731 0.168269
1 0.694712 0.837740 0.206731 0.168269
1 0.477163 0.885817 0.206731 0.168269
1 0.914663 0.450721 0.168269 0.153846
1 0.914663 0.302885 0.168269 0.153846
1 0.724760 0.250000 0.245192 0.177885
1 0.664663 0.331731 0.225962 0.175481
1 0.459135 0.048077 0.259615 0.096154
1 0.253606 0.156250 0.225962 0.175481
1 0.459135 0.048077 0.259615 0.096154
1 0.664663 0.331731 0.225962 0.175481
1 0.724760 0.250000 0.245192 0.177885
1 0.914663 0.302885 0.168269 0.153846
1 0.914663 0.450721 0.168269 0.153846
1 0.477163 0.885817 0.206731 0.168269
1 0.694712 0.837740 0.206731 0.168269
1 0.615385 0.671875 0.206731 0.168269
1 0.408654 0.465144 0.221154 0.197115
1 0.457933 0.359375 0.221154 0.185096
1 0.198317 0.317308 0.276442 0.158654
1 0.175481 0.534856 0.254808 0.115385
1 0.844952 0.600962 0.305288 0.221154
2 0.275240 0.707933 0.432692 0.360577
0 0.805060 0.412428 0.048005 0.072019
