1 0.435096 0.641827 0.149038 0.197115
1 0.337740 0.743990 0.149038 0.197115
1 0.072115 0.914663 0.144231 0.165865
1 0.098558 0.426683 0.173077 0.182692
1 0.088942 0.329327 0.177885 0.230769
1 0.644231 0.566106 0.173077 0.346154
1 0.805288 0.921875 0.206731 0.151442
1 0.425481 0.775240 0.134615 0.173077
0 0.697115 0.114183 0.069712 0.081731
0 0.567308 0.516827 0.069712 0.081731
0 0.307692 0.596154 0.052885 0.105769
0 0.150240 0.943510 0.072115 0.076923
2 0.301683 0.189904 0.375000 0.375000
1 0.909856 0.540865 0.151442 0.216346
1 0.784856 0.705529 0.204327 0.240385
1 0.896635 0.243990 0.177885 0.245192
1 0.493990 0.360577 0.197115 0.245192
0 0.150240 0.943510 0.072115 0.076923
0 0.307692 0.596154 0.052885 0.105769
0 0.567308 0.516827 0.069712 0.081731
0 0.697115 0.114183 0.069712 0.081731
1 0.425481 0.775240 0.134615 0.173077
1 0.805288 0.921875 0.206731 0.151442
1 0.644231 0.566106 0.173077 0.346154
1 0.088942 0.329327 0.177885 0.230769
1 0.098558 0.426683 0.173077 0.182692
1 0.947404 0.883582 0.102837 0.223413
1 0.393041 0.944447 0.150120 0.111106
1 0.539603 0.945036 0.128822 0.109928
1 0.072115 0.914663 0.144231 0.165865
1 0.337740 0.743990 0.149038 0.197115
1 0.435096 0.641827 0.149038 0.197115
1 0.707933 0.335337 0.206731 0.240385
2 0.301683 0.189904 0.375000 0.375000
1 0.173077 0.668269 0.182692 0.240385
1 0.909856 0.540865 0.151442 0.216346
1 0.784856 0.705529 0.204327 0.240385
1 0.896635 0.243990 0.177885 0.245192
1 0.493990 0.360577 0.197115 0.245192
1 0.173077 0.668269 0.182692 0.240385
1 0.707933 0.335337 0.206731 0.240385
