1 0.093750 0.896635 0.182692 0.194712
1 0.330529 0.221154 0.221154 0.206731
1 0.097356 0.209135 0.189904 0.182692
1 0.723558 0.271635 0.182692 0.206731
1 0.884615 0.383413 0.211538 0.156250
1 0.310096 0.941106 0.259615 0.112981
1 0.640625 0.824519 0.269231 0.177885
1 0.425481 0.406250 0.221154 0.144231
1 0.377404 0.603365 0.177885 0.185096
1 0.219952 0.466346 0.218750 0.197115
1 0.139423 0.661058 0.218750 0.199519
1 0.579327 0.126202 0.211538 0.156250
1 0.875000 0.693510 0.211538 0.156250
1 0.093750 0.896635 0.182692 0.194712
1 0.330529 0.221154 0.221154 0.206731
1 0.097356 0.209135 0.189904 0.182692
1 0.723558 0.271635 0.182692 0.206731
1 0.884615 0.383413 0.211538 0.156250
1 0.139423 0.661058 0.218750 0.199519
1 0.219952 0.466346 0.218750 0.197115
1 0.377404 0.603365 0.177885 0.185096
1 0.425481 0.406250 0.221154 0.144231
1 0.640625 0.824519 0.269231 0.177885
1 0.310096 0.941106 0.259615 0.112981
2 0.668269 0.558894 0.478365 0.336538
1 0.915865 0.181490 0.163462 0.161058
2 0.668269 0.558894 0.478365 0.336538
1 0.915865 0.181490 0.163462 0.161058
1 0.579327 0.126202 0.211538 0.156250
1 0.875000 0.693510 0.211538 0.156250
