0 0.784856 0.092548 0.081731 0.081731
1 0.867788 0.449519 0.173077 0.199519
1 0.905048 0.175481 0.151442 0.204327
1 0.873798 0.837740 0.175481 0.206731
1 0.742788 0.766827 0.175481 0.206731
1 0.663462 0.626202 0.180288 0.252404
1 0.537260 0.819712 0.151442 0.197115
1 0.372596 0.701923 0.161058 0.187500
1 0.390625 0.235577 0.192308 0.230769
1 0.632212 0.105769 0.204327 0.206731
1 0.652644 0.325721 0.170673 0.192308
1 0.612981 0.397837 0.139423 0.163462
1 0.276442 0.080529 0.235577 0.156250
1 0.092548 0.543269 0.177885 0.165865
1 0.200721 0.340144 0.129808 0.173077
1 0.127404 0.307692 0.149038 0.221154
2 0.132212 0.796875 0.262019 0.384615
0 0.300481 0.555288 0.108173 0.153846
0 0.858173 0.281250 0.069712 0.091346
0 0.784856 0.092548 0.081731 0.081731
1 0.867788 0.449519 0.173077 0.199519
1 0.905048 0.175481 0.151442 0.204327
1 0.873798 0.837740 0.175481 0.206731
1 0.742788 0.766827 0.175481 0.206731
1 0.663462 0.626202 0.180288 0.252404
1 0.537260 0.819712 0.151442 0.197115
1 0.372596 0.701923 0.161058 0.187500
1 0.390625 0.235577 0.192308 0.230769
1 0.632212 0.105769 0.204327 0.206731
1 0.652644 0.325721 0.170673 0.192308
1 0.612981 0.397837 0.139423 0.163462
1 0.276442 0.080529 0.235577 0.156250
1 0.092548 0.543269 0.177885 0.165865
1 0.200721 0.340144 0.129808 0.173077
1 0.127404 0.307692 0.149038 0.221154
2 0.132212 0.796875 0.262019 0.384615
0 0.300481 0.555288 0.108173 0.153846
0 0.858173 0.281250 0.069712 0.091346
