2 0.293269 0.733173 0.360577 0.435096
0 0.589255 0.207079 0.124567 0.104063
1 0.400240 0.156250 0.221154 0.312500
1 0.466346 0.832933 0.115385 0.254808
1 0.685096 0.808894 0.158654 0.278846
1 0.643029 0.548077 0.185096 0.221154
1 0.537260 0.598558 0.197115 0.221154
1 0.329327 0.390625 0.168269 0.209135
2 0.293269 0.733173 0.360577 0.435096
1 0.400240 0.156250 0.221154 0.312500
1 0.466346 0.832933 0.115385 0.254808
1 0.685096 0.808894 0.158654 0.278846
1 0.643029 0.548077 0.185096 0.221154
1 0.537260 0.598558 0.197115 0.221154
1 0.329327 0.390625 0.168269 0.209135
1 0.163462 0.311298 0.168269 0.209135
1 0.114183 0.528846 0.168269 0.209135
1 0.550481 0.087740 0.153846 0.173077
1 0.699519 0.087740 0.153846 0.173077
1 0.752404 0.281250 0.177885 0.247596
1 0.670673 0.340144 0.175481 0.228365
1 0.953125 0.546875 0.088942 0.262019
1 0.846154 0.754808 0.175481 0.228365
1 0.163462 0.311298 0.168269 0.209135
1 0.114183 0.528846 0.168269 0.209135
1 0.550481 0.087740 0.153846 0.173077
1 0.699519 0.087740 0.153846 0.173077
1 0.752404 0.281250 0.177885 0.247596
1 0.670673 0.340144 0.175481 0.228365
1 0.953125 0.546875 0.088942 0.262019
1 0.846154 0.754808 0.175481 0.228365
