1 0.344952 0.743990 0.173077 0.201923
1 0.364183 0.237981 0.206731 0.250000
1 0.626202 0.106971 0.223558 0.213942
1 0.647837 0.336538 0.185096 0.211538
1 0.604567 0.413462 0.153846 0.177885
1 0.240385 0.078125 0.254808 0.156250
1 0.069712 0.573317 0.134615 0.182692
1 0.158654 0.352163 0.139423 0.187500
1 0.080529 0.317308 0.158654 0.245192
2 0.112981 0.817308 0.223558 0.360577
0 0.266827 0.585337 0.115385 0.163462
0 0.792067 0.082933 0.086538 0.086538
0 0.872596 0.287260 0.076923 0.100962
0 0.266827 0.585337 0.115385 0.163462
2 0.112981 0.817308 0.223558 0.360577
1 0.080529 0.317308 0.158654 0.245192
1 0.158654 0.352163 0.139423 0.187500
1 0.069712 0.573317 0.134615 0.182692
1 0.240385 0.078125 0.254808 0.156250
1 0.604567 0.413462 0.153846 0.177885
1 0.647837 0.336538 0.185096 0.211538
1 0.626202 0.106971 0.223558 0.213942
1 0.364183 0.237981 0.206731 0.250000
1 0.344952 0.743990 0.173077 0.201923
1 0.522837 0.872596 0.163462 0.216346
1 0.659856 0.662260 0.194712 0.274038
1 0.745192 0.814904 0.189904 0.225962
1 0.887019 0.888221 0.192308 0.221154
0 0.872596 0.287260 0.076923 0.100962
0 0.792067 0.082933 0.086538 0.086538
1 0.881010 0.471154 0.187500 0.216346
1 0.918269 0.173077 0.158654 0.225962
1 0.881010 0.471154 0.187500 0.216346
1 0.918269 0.173077 0.158654 0.225962
1 0.887019 0.888221 0.192308 0.221154
1 0.745192 0.814904 0.189904 0.225962
1 0.659856 0.662260 0.194712 0.274038
1 0.522837 0.872596 0.163462 0.216346
