1 0.223558 0.393029 0.235577 0.197115
1 0.317308 0.663462 0.201923 0.175481
1 0.391827 0.622596 0.168269 0.144231
1 0.074519 0.275240 0.144231 0.247596
1 0.544471 0.088942 0.173077 0.175481
1 0.332933 0.197115 0.177885 0.134615
1 0.298077 0.121394 0.230769 0.153846
2 0.801683 0.131010 0.391827 0.259615
0 0.555288 0.300481 0.158654 0.110577
0 0.271635 0.876202 0.096154 0.072115
0 0.076923 0.800481 0.084135 0.084135
1 0.445913 0.885817 0.206731 0.177885
1 0.162260 0.920673 0.218750 0.153846
1 0.847356 0.891827 0.216346 0.180288
1 0.774038 0.756010 0.216346 0.180288
1 0.628606 0.675481 0.259615 0.185096
1 0.828125 0.544471 0.204327 0.156250
1 0.706731 0.375000 0.192308 0.165865
1 0.223558 0.393029 0.235577 0.197115
1 0.102163 0.644231 0.199519 0.216346
1 0.317308 0.663462 0.201923 0.175481
1 0.391827 0.622596 0.168269 0.144231
1 0.074519 0.275240 0.144231 0.247596
1 0.544471 0.088942 0.173077 0.175481
1 0.332933 0.197115 0.177885 0.134615
1 0.298077 0.121394 0.230769 0.153846
2 0.801683 0.131010 0.391827 0.259615
0 0.555288 0.300481 0.158654 0.110577
0 0.271635 0.876202 0.096154 0.072115
0 0.076923 0.800481 0.084135 0.084135
1 0.445913 0.885817 0.206731 0.177885
1 0.162260 0.920673 0.218750 0.153846
1 0.847356 0.891827 0.216346 0.180288
1 0.774038 0.756010 0.216346 0.180288
1 0.628606 0.675481 0.259615 0.185096
1 0.828125 0.544471 0.204327 0.156250
1 0.706731 0.375000 0.192308 0.165865
1 0.102163 0.644231 0.199519 0.216346
