1 0.645433 0.426683 0.192308 0.146635
1 0.745192 0.331731 0.192308 0.146635
1 0.914663 0.070913 0.165865 0.137019
1 0.433894 0.098558 0.177885 0.168269
1 0.340144 0.087740 0.223558 0.170673
1 0.921875 0.789663 0.153846 0.201923
1 0.775240 0.418269 0.168269 0.132212
0 0.128606 0.682692 0.076923 0.069712
0 0.522837 0.556490 0.081731 0.067308
1 0.474038 0.632212 0.142788 0.170673
0 0.599760 0.302885 0.100962 0.052885
0 0.939904 0.149038 0.076923 0.069712
2 0.194712 0.296875 0.384615 0.365385
1 0.793510 0.418269 0.131731 0.132212
1 0.641274 0.618029 0.174663 0.170673
1 0.944447 0.385938 0.108750 0.143029
1 0.942079 0.517728 0.115841 0.144207
2 0.194712 0.296875 0.384615 0.365385
0 0.939904 0.149038 0.076923 0.069712
0 0.599760 0.302885 0.100962 0.052885
0 0.522837 0.556490 0.081731 0.067308
0 0.128606 0.682692 0.076923 0.069712
1 0.921875 0.789663 0.153846 0.201923
1 0.340144 0.087740 0.223558 0.170673
1 0.433894 0.098558 0.177885 0.168269
1 0.914663 0.070913 0.165865 0.137019
1 0.745192 0.331731 0.192308 0.146635
1 0.645433 0.426683 0.192308 0.146635
1 0.344952 0.693510 0.235577 0.201923
1 0.671875 0.170673 0.235577 0.177885
1 0.370192 0.484375 0.237981 0.192308
1 0.256010 0.877404 0.240385 0.175481
1 0.707933 0.769231 0.235577 0.199519
1 0.546875 0.890625 0.211538 0.149038
1 0.546875 0.890625 0.211538 0.149038
1 0.707933 0.769231 0.235577 0.199519
1 0.256010 0.877404 0.240385 0.175481
1 0.370192 0.484375 0.237981 0.192308
1 0.671875 0.170673 0.235577 0.177885
1 0.344952 0.693510 0.235577 0.201923
