1 0.633413 0.091346 0.237981 0.177885
1 0.388221 0.664663 0.358173 0.180288
1 0.049279 0.830529 0.098558 0.211538
1 0.171875 0.438702 0.177885 0.139423
0 0.856971 0.718750 0.081731 0.072115
0 0.438702 0.585337 0.086538 0.072115
0 0.358173 0.317308 0.108173 0.055288
0 0.020433 0.155048 0.040865 0.076923
2 0.790865 0.310096 0.413462 0.387019
1 0.723558 0.915865 0.257212 0.165865
1 0.243990 0.810096 0.250000 0.211538
1 0.415865 0.929087 0.225962 0.139423
2 0.790865 0.310096 0.413462 0.387019
1 0.204327 0.348558 0.206731 0.153846
1 0.310096 0.447115 0.206731 0.153846
1 0.600962 0.509615 0.252404 0.204327
1 0.282452 0.177885 0.250000 0.187500
1 0.628606 0.729567 0.247596 0.211538
1 0.310096 0.447115 0.206731 0.153846
1 0.204327 0.348558 0.206731 0.153846
1 0.056490 0.072115 0.112981 0.144231
1 0.533654 0.100962 0.187500 0.177885
1 0.633413 0.091346 0.237981 0.177885
1 0.388221 0.664663 0.358173 0.180288
1 0.049279 0.830529 0.098558 0.211538
1 0.171875 0.438702 0.177885 0.139423
0 0.856971 0.718750 0.081731 0.072115
0 0.438702 0.585337 0.086538 0.072115
0 0.358173 0.317308 0.108173 0.055288
0 0.020433 0.155048 0.040865 0.076923
1 0.628606 0.729567 0.247596 0.211538
1 0.282452 0.177885 0.250000 0.187500
1 0.600962 0.509615 0.252404 0.204327
1 0.723558 0.915865 0.257212 0.165865
1 0.243990 0.810096 0.250000 0.211538
1 0.415865 0.929087 0.225962 0.139423
1 0.056490 0.072115 0.112981 0.144231
1 0.533654 0.100962 0.187500 0.177885
