1 0.343750 0.063702 0.182692 0.122596
1 0.729567 0.140625 0.125000 0.201923
1 0.819712 0.560096 0.168269 0.230769
1 0.836538 0.787260 0.168269 0.230769
1 0.656250 0.850962 0.182692 0.293269
1 0.352163 0.439904 0.173077 0.240385
1 0.181490 0.126202 0.173077 0.240385
1 0.091346 0.335337 0.177885 0.254808
1 0.069712 0.894231 0.134615 0.206731
2 0.436298 0.889423 0.360577 0.216346
1 0.822115 0.911058 0.192308 0.173077
1 0.091346 0.335337 0.177885 0.254808
1 0.957933 0.450721 0.081731 0.257212
1 0.576923 0.478365 0.211538 0.245192
1 0.216346 0.871394 0.175481 0.199519
1 0.893029 0.248798 0.153846 0.209135
1 0.343750 0.063702 0.182692 0.122596
1 0.424279 0.209135 0.153846 0.209135
1 0.729567 0.140625 0.125000 0.201923
1 0.069712 0.894231 0.134615 0.206731
1 0.216346 0.871394 0.175481 0.199519
1 0.576923 0.478365 0.211538 0.245192
1 0.957933 0.450721 0.081731 0.257212
1 0.834135 0.448317 0.163462 0.211538
1 0.198317 0.610577 0.173077 0.240385
1 0.819712 0.560096 0.168269 0.230769
1 0.836538 0.787260 0.168269 0.230769
1 0.656250 0.850962 0.182692 0.293269
1 0.352163 0.439904 0.173077 0.240385
1 0.181490 0.126202 0.173077 0.240385
1 0.834135 0.448317 0.163462 0.211538
1 0.198317 0.610577 0.173077 0.240385
2 0.436298 0.889423 0.360577 0.216346
1 0.822115 0.911058 0.192308 0.173077
1 0.893029 0.248798 0.153846 0.209135
1 0.424279 0.209135 0.153846 0.209135
