1 0.457933 0.581731 0.206731 0.182692
0 0.551683 0.645433 0.064904 0.067308
2 0.829327 0.704327 0.336538 0.423077
0 0.616587 0.013221 0.076923 0.026442
1 0.074519 0.383413 0.144231 0.146635
1 0.090144 0.237981 0.175481 0.163462
1 0.146635 0.082933 0.230769 0.156250
1 0.657452 0.933894 0.201923 0.129808
1 0.390625 0.693510 0.254808 0.151442
1 0.192308 0.538462 0.242788 0.175481
1 0.060096 0.838942 0.120192 0.170673
1 0.168269 0.704327 0.206731 0.158654
1 0.390625 0.693510 0.254808 0.151442
1 0.657452 0.933894 0.201923 0.129808
1 0.146635 0.082933 0.230769 0.156250
1 0.090144 0.237981 0.175481 0.163462
1 0.074519 0.383413 0.144231 0.146635
0 0.616587 0.013221 0.076923 0.026442
0 0.551683 0.645433 0.064904 0.067308
2 0.829327 0.704327 0.336538 0.423077
1 0.721154 0.155048 0.293269 0.120192
1 0.336538 0.274038 0.213942 0.185096
1 0.462740 0.070913 0.216346 0.141827
1 0.735577 0.419471 0.216346 0.168269
1 0.907452 0.419471 0.182692 0.161058
1 0.592548 0.811298 0.201923 0.168269
1 0.457933 0.581731 0.206731 0.182692
1 0.192308 0.538462 0.242788 0.175481
1 0.060096 0.838942 0.120192 0.170673
1 0.168269 0.704327 0.206731 0.158654
1 0.907452 0.419471 0.182692 0.161058
1 0.735577 0.419471 0.216346 0.168269
1 0.462740 0.070913 0.216346 0.141827
1 0.336538 0.274038 0.213942 0.185096
1 0.721154 0.155048 0.293269 0.120192
1 0.592548 0.811298 0.201923 0.168269
