1 0.710337 0.685096 0.233173 0.225962
2 0.764423 0.338942 0.466346 0.403846
1 0.664663 0.036058 0.300481 0.072115
1 0.915865 0.659856 0.163462 0.185096
1 0.509615 0.798077 0.225962 0.168269
1 0.899038 0.082933 0.197115 0.165865
1 0.492788 0.639423 0.225962 0.182692
1 0.275240 0.536058 0.264423 0.206731
1 0.219952 0.399038 0.225962 0.182692
1 0.091346 0.145433 0.177885 0.177885
1 0.302885 0.231971 0.233173 0.163462
1 0.456731 0.415865 0.204327 0.216346
1 0.710337 0.685096 0.233173 0.225962
1 0.129808 0.829327 0.211538 0.225962
1 0.129808 0.829327 0.211538 0.225962
1 0.456731 0.415865 0.204327 0.216346
1 0.302885 0.231971 0.233173 0.163462
1 0.091346 0.145433 0.177885 0.177885
1 0.219952 0.399038 0.225962 0.182692
1 0.275240 0.536058 0.264423 0.206731
1 0.492788 0.639423 0.225962 0.182692
1 0.899038 0.082933 0.197115 0.165865
1 0.509615 0.798077 0.225962 0.168269
1 0.915865 0.659856 0.163462 0.185096
1 0.664663 0.036058 0.300481 0.072115
2 0.764423 0.338942 0.466346 0.403846
