1 0.629808 0.947115 0.298077 0.100962
1 0.895433 0.322115 0.204327 0.182692
1 0.477163 0.186298 0.221154 0.163462
1 0.878606 0.887019 0.237981 0.163462
1 0.460337 0.342548 0.218750 0.177885
1 0.247596 0.443510 0.259615 0.201923
1 0.193510 0.576923 0.218750 0.177885
1 0.078125 0.824519 0.151442 0.173077
1 0.274038 0.740385 0.228365 0.161058
1 0.424279 0.560096 0.199519 0.211538
1 0.673077 0.298077 0.228365 0.221154
1 0.105769 0.156250 0.206731 0.221154
1 0.247596 0.443510 0.259615 0.201923
2 0.737981 0.638221 0.475962 0.389423
1 0.629808 0.947115 0.298077 0.100962
1 0.895433 0.322115 0.204327 0.182692
1 0.477163 0.186298 0.221154 0.163462
1 0.878606 0.887019 0.237981 0.163462
1 0.460337 0.342548 0.218750 0.177885
1 0.193510 0.576923 0.218750 0.177885
1 0.078125 0.824519 0.151442 0.173077
1 0.274038 0.740385 0.228365 0.161058
1 0.424279 0.560096 0.199519 0.211538
1 0.673077 0.298077 0.228365 0.221154
1 0.105769 0.156250 0.206731 0.221154
2 0.737981 0.638221 0.475962 0.389423
