0 0.579327 0.361779 0.067308 0.067308
1 0.082933 0.629808 0.165865 0.146635
1 0.098558 0.777644 0.197115 0.163462
1 0.167067 0.926683 0.242788 0.141827
1 0.687500 0.066106 0.206731 0.129808
1 0.414663 0.311298 0.259615 0.153846
1 0.187500 0.300481 0.211538 0.163462
1 0.068510 0.163462 0.137019 0.173077
1 0.212740 0.469952 0.247596 0.177885
1 0.483173 0.425481 0.211538 0.187500
1 0.621394 0.192308 0.206731 0.170673
1 0.923077 0.592548 0.149038 0.163462
1 0.768029 0.592548 0.221154 0.170673
1 0.489183 0.937500 0.223558 0.120192
1 0.359375 0.740385 0.218750 0.189904
1 0.752404 0.862981 0.300481 0.125000
1 0.082933 0.629808 0.165865 0.146635
1 0.098558 0.777644 0.197115 0.163462
1 0.167067 0.926683 0.242788 0.141827
1 0.687500 0.066106 0.206731 0.129808
1 0.414663 0.311298 0.259615 0.153846
1 0.187500 0.300481 0.211538 0.163462
1 0.068510 0.163462 0.137019 0.173077
1 0.212740 0.469952 0.247596 0.177885
1 0.483173 0.425481 0.211538 0.187500
1 0.621394 0.192308 0.206731 0.170673
1 0.923077 0.592548 0.149038 0.163462
1 0.768029 0.592548 0.221154 0.170673
1 0.489183 0.937500 0.223558 0.120192
1 0.359375 0.740385 0.218750 0.189904
1 0.752404 0.862981 0.300481 0.125000
2 0.843750 0.300481 0.307692 0.432692
0 0.579327 0.361779 0.067308 0.067308
2 0.843750 0.300481 0.307692 0.432692
