1 0.533654 0.792067 0.173077 0.235577
1 0.826923 0.930288 0.173077 0.134615
1 0.694712 0.817308 0.153846 0.201923
1 0.685096 0.598558 0.149038 0.247596
1 0.924279 0.338942 0.134615 0.194712
1 0.087740 0.837740 0.153846 0.225962
1 0.239183 0.902644 0.161058 0.189904
1 0.381010 0.917067 0.141827 0.161058
0 0.015625 0.377404 0.031250 0.076923
0 0.637019 0.441106 0.064904 0.062500
2 0.694712 0.168269 0.413462 0.331731
2 0.694712 0.168269 0.413462 0.331731
0 0.637019 0.441106 0.064904 0.062500
0 0.015625 0.377404 0.031250 0.076923
1 0.381010 0.917067 0.141827 0.161058
1 0.239183 0.902644 0.161058 0.189904
1 0.087740 0.837740 0.153846 0.225962
1 0.924279 0.338942 0.134615 0.194712
1 0.685096 0.598558 0.149038 0.247596
1 0.694712 0.817308 0.153846 0.201923
1 0.826923 0.930288 0.173077 0.134615
1 0.533654 0.792067 0.173077 0.235577
1 0.575721 0.532452 0.177885 0.201923
1 0.799279 0.400240 0.163462 0.199519
1 0.417067 0.092548 0.158654 0.180288
1 0.417067 0.260817 0.163462 0.211538
1 0.072115 0.527644 0.144231 0.211538
1 0.274038 0.651442 0.182692 0.211538
1 0.157452 0.275240 0.120192 0.288462
1 0.157452 0.275240 0.120192 0.288462
1 0.274038 0.651442 0.182692 0.211538
1 0.072115 0.527644 0.144231 0.211538
1 0.417067 0.260817 0.163462 0.211538
1 0.417067 0.092548 0.158654 0.180288
1 0.799279 0.400240 0.163462 0.199519
1 0.575721 0.532452 0.177885 0.201923
