1 0.372596 0.777644 0.228365 0.211538
1 0.176683 0.326923 0.225962 0.201923
1 0.258413 0.526442 0.225962 0.201923
1 0.420673 0.384615 0.182692 0.189904
1 0.469952 0.587740 0.228365 0.149038
1 0.112981 0.093750 0.225962 0.182692
1 0.909856 0.294471 0.175481 0.165865
1 0.627404 0.875000 0.216346 0.158654
1 0.943510 0.818510 0.108173 0.165865
2 0.718750 0.430288 0.490385 0.346154
1 0.116587 0.790865 0.228365 0.189904
1 0.776442 0.727163 0.187500 0.211538
1 0.913462 0.611779 0.168269 0.165865
1 0.176683 0.326923 0.225962 0.201923
1 0.258413 0.526442 0.225962 0.201923
1 0.420673 0.384615 0.182692 0.189904
1 0.469952 0.587740 0.228365 0.149038
1 0.691106 0.158654 0.274038 0.182692
1 0.352163 0.049279 0.266827 0.093750
1 0.691106 0.158654 0.274038 0.182692
1 0.352163 0.049279 0.266827 0.093750
1 0.372596 0.777644 0.228365 0.211538
1 0.116587 0.790865 0.228365 0.189904
1 0.776442 0.727163 0.187500 0.211538
1 0.913462 0.611779 0.168269 0.165865
2 0.718750 0.430288 0.490385 0.346154
1 0.943510 0.818510 0.108173 0.165865
1 0.627404 0.875000 0.216346 0.158654
1 0.909856 0.294471 0.175481 0.165865
1 0.112981 0.093750 0.225962 0.182692
