1 0.728365 0.882212 0.120192 0.192308
2 0.447115 0.134615 0.346154 0.264423
1 0.817308 0.129808 0.182692 0.197115
1 0.884615 0.778846 0.149038 0.199519
1 0.359375 0.945913 0.180288 0.103365
1 0.435096 0.817308 0.149038 0.199519
1 0.728365 0.882212 0.120192 0.192308
1 0.814904 0.480769 0.163462 0.221154
1 0.814904 0.480769 0.163462 0.221154
1 0.830529 0.264423 0.163462 0.221154
1 0.830529 0.264423 0.163462 0.221154
1 0.218750 0.431490 0.165865 0.230769
1 0.100962 0.695913 0.199519 0.242788
1 0.203125 0.888221 0.170673 0.218750
1 0.365385 0.596154 0.165865 0.230769
1 0.658654 0.195913 0.173077 0.293269
1 0.658654 0.195913 0.173077 0.293269
1 0.365385 0.596154 0.165865 0.230769
1 0.203125 0.888221 0.170673 0.218750
1 0.828125 0.587740 0.153846 0.201923
1 0.953125 0.585337 0.091346 0.245192
1 0.581731 0.560096 0.201923 0.235577
1 0.235577 0.182692 0.168269 0.192308
1 0.080529 0.143029 0.158654 0.230769
1 0.100962 0.695913 0.199519 0.242788
1 0.218750 0.431490 0.165865 0.230769
1 0.080529 0.143029 0.158654 0.230769
1 0.235577 0.182692 0.168269 0.192308
1 0.581731 0.560096 0.201923 0.235577
1 0.953125 0.585337 0.091346 0.245192
1 0.828125 0.587740 0.153846 0.201923
2 0.447115 0.134615 0.346154 0.264423
1 0.817308 0.129808 0.182692 0.197115
1 0.884615 0.778846 0.149038 0.199519
1 0.359375 0.945913 0.180288 0.103365
1 0.435096 0.817308 0.149038 0.199519
