1 0.730769 0.294471 0.153846 0.218750
1 0.939904 0.633413 0.115385 0.281250
1 0.329327 0.895433 0.173077 0.206731
1 0.199519 0.487981 0.158654 0.211538
1 0.871394 0.878606 0.156250 0.237981
1 0.811298 0.090144 0.168269 0.177885
1 0.730769 0.294471 0.153846 0.218750
1 0.557692 0.437500 0.201923 0.192308
1 0.306490 0.676683 0.211538 0.218750
1 0.170673 0.132212 0.211538 0.197115
1 0.348558 0.472356 0.168269 0.211538
2 0.632212 0.737981 0.375000 0.456731
1 0.199519 0.487981 0.158654 0.211538
1 0.871394 0.878606 0.156250 0.237981
1 0.348558 0.472356 0.168269 0.211538
1 0.445913 0.269231 0.192308 0.247596
1 0.573317 0.216346 0.168269 0.211538
2 0.632212 0.737981 0.375000 0.456731
1 0.939904 0.633413 0.115385 0.281250
1 0.329327 0.895433 0.173077 0.206731
1 0.557692 0.437500 0.201923 0.192308
1 0.811298 0.090144 0.168269 0.177885
1 0.306490 0.676683 0.211538 0.218750
1 0.170673 0.132212 0.211538 0.197115
1 0.573317 0.216346 0.168269 0.211538
1 0.445913 0.269231 0.192308 0.247596
