1 0.888942 0.702075 0.175005 0.209707 0.943241
1 0.11338 0.253846 0.16129 0.212527 0.916516
1 0.733353 0.159152 0.148692 0.197884 0.905199
1 0.43279 0.850004 0.175364 0.219104 0.904314
1 0.430373 0.577354 0.161066 0.193864 0.89772
1 0.273533 0.243547 0.14962 0.189451 0.896266
1 0.603055 0.883858 0.156692 0.223595 0.89616
1 0.680544 0.68396 0.178156 0.211261 0.8745
1 0.297643 0.0668208 0.162242 0.132634 0.871683
1 0.590217 0.269042 0.152964 0.248729 0.861493
1 0.425102 0.14234 0.156329 0.22505 0.851207
1 0.540145 0.0716024 0.170488 0.141653 0.85092
2 0.166759 0.641283 0.333519 0.477789 0.829933
1 0.279383 0.922835 0.140821 0.153671 0.801072
1 0.928379 0.945392 0.143242 0.108031 0.800255
0 0.875882 0.0299181 0.0729527 0.0598362 0.733151
1 0.927397 0.207868 0.145205 0.260043 0.724078
1 0.814355 0.548616 0.128821 0.160234 0.650755
1 0.814227 0.548114 0.128043 0.161418 0.532586
1 0.0726444 0.948161 0.143634 0.103596 0.481352
0 0.874039 0.0297562 0.07016 0.0595124 0.373748
1 0.0183335 0.151384 0.0366669 0.230689 0.364955
1 0.440638 0.983653 0.181043 0.0323698 0.284299
