1 0.0807597 0.887742 0.159097 0.222545 0.935332
1 0.0813556 0.108115 0.161568 0.216229 0.931649
1 0.199684 0.391754 0.142365 0.199206 0.921598
1 0.849808 0.106652 0.181638 0.213303 0.918052
1 0.739443 0.504446 0.172304 0.21989 0.914105
1 0.953201 0.26802 0.0935989 0.22017 0.91313
1 0.667572 0.0830181 0.176391 0.166036 0.896881
1 0.274794 0.937812 0.157714 0.123741 0.89027
1 0.10863 0.644067 0.18559 0.230295 0.888146
1 0.276608 0.767944 0.158289 0.204057 0.875103
2 0.502969 0.808062 0.356973 0.367351 0.866579
1 0.539873 0.557778 0.189546 0.203614 0.854599
1 0.509767 0.332798 0.186313 0.256654 0.801356
1 0.0296871 0.342703 0.0593743 0.244162 0.772163
1 0.943967 0.738132 0.112066 0.235731 0.698078
1 0.76527 0.803789 0.155508 0.216594 0.695962
1 0.315492 0.536806 0.166322 0.228959 0.67501
1 0.944287 0.736219 0.111426 0.235756 0.601376
1 0.534347 0.168603 0.174085 0.209992 0.569198
1 0.239446 0.154773 0.172427 0.258314 0.524913
0 0.0267661 0.750804 0.0535322 0.0931036 0.490658
0 0.332151 0.232685 0.0755102 0.0935874 0.336995
1 0.855411 0.858139 0.177111 0.223546 0.262855
