1 0.671049 0.543883 0.196775 0.228603 0.857042
0 0.714798 0.869042 0.0767302 0.10264 0.853244
1 0.960543 0.609121 0.0789131 0.253452 0.830709
1 0.114233 0.929473 0.175638 0.140241 0.814011
1 0.837975 0.870958 0.169514 0.249614 0.799694
2 0.373304 0.428951 0.349831 0.45949 0.790539
1 0.786612 0.260824 0.150934 0.209685 0.785499
1 0.17146 0.45206 0.112402 0.259633 0.781143
1 0.785908 0.0764668 0.169601 0.151 0.701472
1 0.544035 0.0717053 0.149215 0.141673 0.6902
1 0.30391 0.73533 0.161514 0.184662 0.676877
1 0.652511 0.353785 0.136916 0.18782 0.592445
1 0.392165 0.936616 0.153896 0.126295 0.591208
0 0.713609 0.871983 0.0682974 0.0910542 0.570995
1 0.536287 0.743032 0.203168 0.157402 0.552035
0 0.23094 0.239539 0.0634144 0.0849465 0.481362
1 0.92409 0.0784869 0.15182 0.154683 0.479443
1 0.25046 0.832448 0.143252 0.194692 0.462928
1 0.187345 0.0905854 0.146991 0.180179 0.438626
1 0.875901 0.350731 0.149196 0.201189 0.42556
1 0.206821 0.602116 0.168769 0.212621 0.422017
1 0.670925 0.541143 0.203703 0.22981 0.418473
1 0.494966 0.949761 0.161113 0.100332 0.396112
1 0.410958 0.113085 0.154502 0.205021 0.387263
1 0.0609721 0.298485 0.12148 0.227659 0.309573
0 0.0526849 0.44209 0.0635083 0.0786842 0.272298
1 0.517608 0.211765 0.19174 0.201869 0.265418
1 0.375116 0.0462082 0.173835 0.0924164 0.251023
