2 0.476447 0.551552 0.269258 0.295602 0.833092
0 0.029614 0.971481 0.059228 0.0570386 0.773476
1 0.547623 0.803529 0.200147 0.220305 0.765343
0 0.964539 0.593329 0.0709215 0.106067 0.749744
1 0.968386 0.236732 0.063229 0.236591 0.633065
0 0.975278 0.974442 0.0494445 0.0511166 0.60272
1 0.508965 0.948938 0.184349 0.101887 0.549881
1 0.948 0.413337 0.104 0.2477 0.510424
1 0.264401 0.597278 0.163107 0.227734 0.487761
1 0.521213 0.100885 0.187588 0.201296 0.474852
1 0.02633 0.0867385 0.0526601 0.173477 0.436487
1 0.0683466 0.840957 0.135404 0.229367 0.367206
1 0.840771 0.075505 0.182237 0.148838 0.297859
1 0.89007 0.690601 0.188463 0.26899 0.296902
1 0.8894 0.691747 0.183666 0.275089 0.257382
