1 0.916813 0.70861 0.166373 0.231736 0.892841
1 0.219559 0.844563 0.162572 0.179484 0.885238
1 0.944873 0.0797318 0.110253 0.157298 0.858181
1 0.344542 0.152097 0.171672 0.180813 0.856201
1 0.96603 0.88927 0.0679407 0.199145 0.804826
1 0.513275 0.03976 0.156143 0.0794436 0.800458
1 0.964033 0.168469 0.0718887 0.151106 0.736633
1 0.0483573 0.0469967 0.0960649 0.0939935 0.513396
1 0.135641 0.949005 0.194881 0.101004 0.511257
2 0.234223 0.579827 0.2449 0.320175 0.51108
0 0.428003 0.925431 0.0591296 0.0720106 0.44975
0 0.42911 0.924747 0.0639418 0.0759401 0.432453
1 0.0799528 0.249083 0.138554 0.232764 0.410801
1 0.279239 0.0350904 0.160744 0.0699773 0.345736
1 0.839973 0.450454 0.143421 0.17481 0.332741
1 0.0461569 0.403684 0.0922333 0.219061 0.311866
1 0.571616 0.685244 0.225262 0.266096 0.307297
1 0.660882 0.911987 0.153824 0.175797 0.281148
1 0.487561 0.420083 0.160686 0.209176 0.26763
