2 0.363111 0.713706 0.337125 0.397856 0.915162
1 0.493834 0.938424 0.17342 0.122401 0.912077
1 0.69087 0.571714 0.163832 0.225137 0.907682
1 0.287125 0.323985 0.14638 0.226183 0.880969
1 0.80755 0.0686929 0.167822 0.136645 0.865078
1 0.147528 0.346281 0.149688 0.211811 0.855174
1 0.574695 0.0626721 0.158924 0.12434 0.828407
1 0.195155 0.0942652 0.153908 0.188159 0.827316
1 0.912548 0.702434 0.149283 0.205121 0.806753
1 0.362954 0.152411 0.170382 0.250599 0.805733
1 0.612651 0.235259 0.1507 0.197287 0.800397
1 0.970234 0.148313 0.0595317 0.211766 0.715099
1 0.0276982 0.240871 0.0553963 0.205399 0.708121
1 0.979328 0.576695 0.0413441 0.206329 0.70213
1 0.652677 0.75143 0.178172 0.226722 0.679925
1 0.831054 0.299808 0.147258 0.198175 0.659002
1 0.0891937 0.678658 0.175201 0.280355 0.62901
1 0.495975 0.313346 0.136762 0.226674 0.603658
1 0.0422204 0.0507321 0.0840579 0.101464 0.569062
1 0.665512 0.913535 0.160629 0.17293 0.560844
1 0.97427 0.361521 0.0514593 0.219508 0.558465
1 0.897025 0.918759 0.193087 0.162482 0.556837
1 0.36186 0.148809 0.169064 0.252171 0.501127
1 0.208256 0.863255 0.147562 0.191354 0.483141
1 0.0563978 0.912819 0.11023 0.174363 0.429206
1 0.24952 0.978358 0.170753 0.0431246 0.415085
1 0.0556635 0.914244 0.110833 0.171512 0.390315
1 0.209545 0.510666 0.153975 0.186665 0.301209
1 0.208124 0.863067 0.14584 0.189334 0.299853
1 0.978013 0.805752 0.0439731 0.23781 0.281518
1 0.897572 0.266217 0.1557 0.188704 0.277573
1 0.666092 0.91409 0.161369 0.17182 0.257848
