1 0.06875 0.475318 0.13684 0.235159 0.917585
1 0.315961 0.555044 0.1686 0.239915 0.898903
2 0.544593 0.453971 0.379402 0.468561 0.896272
1 0.962825 0.186803 0.0743223 0.202587 0.848133
1 0.650735 0.812384 0.165165 0.207528 0.782068
1 0.950226 0.417234 0.099547 0.202973 0.744764
1 0.92959 0.789998 0.140821 0.205068 0.602508
1 0.794069 0.958173 0.200051 0.0835451 0.575437
1 0.966936 0.0379162 0.0660389 0.0758324 0.499194
1 0.426292 0.931282 0.169616 0.137209 0.486248
1 0.0701093 0.968457 0.140219 0.0629433 0.457283
1 0.849406 0.835878 0.190665 0.238292 0.422933
1 0.238518 0.949645 0.179667 0.100533 0.422416
1 0.315949 0.0829371 0.176246 0.165874 0.347194
1 0.434389 0.189665 0.153096 0.198485 0.312718
1 0.54657 0.0281336 0.173881 0.0560555 0.292392
1 0.917629 0.544567 0.164743 0.200082 0.269113
1 0.839613 0.0160318 0.169171 0.0318012 0.257917
