1 0.722895 0.217022 0.155669 0.21939 0.924846
1 0.894659 0.936847 0.179711 0.125617 0.905825
2 0.0952039 0.205464 0.190408 0.24632 0.901707
1 0.232421 0.879913 0.199312 0.231636 0.893517
1 0.160275 0.411473 0.157047 0.189343 0.863895
1 0.869835 0.45819 0.156116 0.218758 0.816987
2 0.424769 0.695674 0.242294 0.317282 0.772492
1 0.59072 0.896676 0.154703 0.168736 0.756991
1 0.0613084 0.768462 0.121254 0.245912 0.743419
1 0.968975 0.829687 0.0620492 0.225521 0.720292
1 0.690821 0.758035 0.139403 0.173983 0.683904
1 0.171868 0.713429 0.136948 0.189019 0.617846
1 0.967937 0.204525 0.0641234 0.246246 0.430076
1 0.813694 0.715827 0.148265 0.164431 0.408158
1 0.4979 0.346768 0.156218 0.229616 0.398631
0 0.902772 0.801034 0.0518907 0.0727772 0.370959
1 0.556504 0.165234 0.164286 0.210936 0.328471
1 0.0174512 0.40354 0.0349025 0.194809 0.327568
1 0.971834 0.618673 0.0563316 0.194063 0.320348
1 0.557006 0.165287 0.164967 0.212049 0.317382
1 0.890856 0.313822 0.165376 0.218726 0.303714
1 0.0387328 0.559719 0.0774655 0.197809 0.301058
0 0.903263 0.799237 0.0591404 0.078942 0.293657
1 0.415474 0.259427 0.170861 0.231194 0.286088
1 0.372909 0.404686 0.145187 0.194038 0.27625
1 0.485809 0.939691 0.190779 0.11951 0.269197
