2 0.782545 0.281104 0.216481 0.302186 0.912023
1 0.0363984 0.110243 0.0727968 0.220486 0.857848
1 0.53416 0.897727 0.130166 0.204546 0.851185
1 0.387902 0.148901 0.150549 0.21289 0.822566
1 0.952911 0.453188 0.0941775 0.255162 0.778159
1 0.1849 0.259008 0.180346 0.280983 0.770669
1 0.640543 0.103079 0.178968 0.206159 0.759984
1 0.551769 0.298402 0.165643 0.193557 0.755362
1 0.933675 0.0878651 0.13265 0.17573 0.748002
1 0.301995 0.946531 0.192536 0.105847 0.73701
1 0.278475 0.0544181 0.166414 0.108416 0.666399
1 0.563276 0.674748 0.177599 0.228384 0.661774
1 0.470773 0.123079 0.1505 0.207737 0.657207
1 0.375559 0.465389 0.167434 0.213818 0.572977
1 0.983117 0.943782 0.0337661 0.112437 0.522506
1 0.903139 0.799054 0.176501 0.233196 0.415666
1 0.592227 0.761442 0.179529 0.188526 0.40737
1 0.914641 0.667593 0.16292 0.18983 0.318926
1 0.049009 0.823631 0.0976622 0.246314 0.315625
1 0.12986 0.947088 0.199614 0.104787 0.294201
