2 0.266534 0.678427 0.240892 0.29589 0.948057
1 0.777862 0.744391 0.217494 0.258162 0.854817
1 0.0540808 0.142926 0.108132 0.226776 0.838457
1 0.728848 0.422357 0.211333 0.245953 0.812983
1 0.708632 0.212683 0.158291 0.221629 0.758847
1 0.63591 0.682979 0.156563 0.215247 0.737759
1 0.656038 0.106166 0.157657 0.21221 0.713584
1 0.604878 0.961329 0.184529 0.0771908 0.695159
1 0.926133 0.198337 0.147733 0.215867 0.685569
1 0.286962 0.937029 0.185102 0.124792 0.674981
1 0.89703 0.573039 0.181018 0.203544 0.666609
1 0.185061 0.0970792 0.184852 0.193914 0.595574
1 0.288887 0.434678 0.1713 0.193884 0.585909
1 0.812585 0.0921621 0.155438 0.184324 0.43749
1 0.473868 0.0552095 0.184427 0.110403 0.422187
1 0.480496 0.0504605 0.170875 0.100921 0.376159
0 0.444983 0.203924 0.0635219 0.086195 0.343386
1 0.912876 0.382196 0.174248 0.277378 0.326799
1 0.0447606 0.866426 0.0894522 0.267148 0.274028
