2 0.446184 0.454059 0.346023 0.419015 0.932727
1 0.719028 0.182981 0.151805 0.197177 0.860042
1 0.493015 0.134866 0.186127 0.21393 0.855465
1 0.0523538 0.824851 0.104599 0.224604 0.775146
1 0.968505 0.476435 0.0629902 0.195623 0.627288
1 0.0995634 0.100713 0.169392 0.201427 0.618048
1 0.853809 0.93267 0.182783 0.134247 0.610763
1 0.568909 0.0329992 0.158765 0.06561 0.581989
1 0.670398 0.603606 0.162144 0.22506 0.567941
0 0.781661 0.472856 0.0695391 0.088099 0.560375
1 0.253869 0.910773 0.158382 0.178454 0.529388
1 0.87257 0.210812 0.179728 0.207947 0.517793
1 0.814354 0.785197 0.163831 0.197589 0.506192
1 0.141644 0.302165 0.147136 0.222829 0.494
1 0.33059 0.747192 0.172458 0.198703 0.469662
1 0.608581 0.943748 0.163548 0.111469 0.437527
1 0.892753 0.414535 0.17129 0.22971 0.43111
1 0.0405973 0.94779 0.0805499 0.10442 0.373201
1 0.951551 0.0691144 0.0968979 0.137483 0.371008
1 0.579041 0.797958 0.170017 0.206608 0.345152
1 0.978093 0.845065 0.0438134 0.207302 0.313733
1 0.412682 0.964314 0.182261 0.0712798 0.297368
1 0.0504516 0.352413 0.0993619 0.242651 0.296837
1 0.709097 0.0388524 0.134366 0.0777047 0.295424
1 0.94724 0.845203 0.10552 0.205287 0.273767
