1 0.8864 0.373523 0.201933 0.251723 0.900361
2 0.470157 0.594892 0.252365 0.261765 0.888879
1 0.67344 0.513556 0.169345 0.25897 0.805416
1 0.6882 0.920188 0.193043 0.159573 0.793046
1 0.272648 0.570467 0.162531 0.249796 0.751528
1 0.922747 0.863297 0.154507 0.216691 0.745362
1 0.194213 0.953783 0.157523 0.092279 0.739567
1 0.041754 0.585104 0.0833157 0.229428 0.726735
1 0.757873 0.136764 0.171403 0.219814 0.684221
1 0.926966 0.650501 0.146068 0.203624 0.673387
1 0.1466 0.763185 0.15387 0.227726 0.650441
1 0.441818 0.854965 0.192815 0.216908 0.615824
0 0.63036 0.168186 0.0605449 0.0806319 0.589477
1 0.132735 0.0706428 0.169406 0.140211 0.579081
1 0.300885 0.825326 0.171151 0.226912 0.562887
1 0.917186 0.0844584 0.164966 0.167917 0.55681
1 0.89747 0.982128 0.180664 0.0354805 0.435345
1 0.0137367 0.265288 0.0274733 0.288266 0.368094
1 0.546706 0.123271 0.160106 0.21508 0.360515
1 0.917384 0.0841739 0.165231 0.167854 0.313821
1 0.7231 0.642342 0.160626 0.223249 0.298325
1 0.3159 0.418633 0.175254 0.194706 0.289756
1 0.548578 0.041692 0.17931 0.0833609 0.287806
