1 0.755122 0.235543 0.168592 0.220649 0.891144
1 0.944851 0.49714 0.110297 0.235254 0.832721
1 0.962089 0.217523 0.0758218 0.21049 0.832027
1 0.539865 0.211106 0.163159 0.222556 0.831268
1 0.213183 0.0457821 0.150049 0.0915643 0.79759
2 0.542354 0.705724 0.245874 0.363136 0.782879
1 0.202462 0.211622 0.208786 0.274406 0.757495
1 0.608678 0.0934134 0.173779 0.186827 0.725686
1 0.834217 0.735598 0.156786 0.208016 0.707133
1 0.272509 0.921381 0.124588 0.151823 0.691856
1 0.297455 0.511083 0.154349 0.182256 0.668373
1 0.896708 0.121385 0.14885 0.191861 0.647026
1 0.228773 0.878774 0.160084 0.209923 0.626472
0 0.0224387 0.544076 0.0448773 0.0832097 0.612382
1 0.804986 0.475989 0.15791 0.230528 0.598486
1 0.752639 0.947645 0.163405 0.104515 0.543709
1 0.783277 0.471817 0.207935 0.234888 0.483818
1 0.945078 0.495651 0.109844 0.234482 0.47362
1 0.0894984 0.881783 0.166752 0.22201 0.418593
1 0.0899434 0.882372 0.164445 0.219009 0.400849
1 0.135366 0.412478 0.172057 0.231448 0.391958
1 0.529032 0.932214 0.18521 0.134476 0.371612
1 0.0353625 0.0562389 0.070725 0.111792 0.369361
1 0.464751 0.435339 0.210873 0.235707 0.353746
1 0.457985 0.432302 0.236657 0.235696 0.349255
1 0.751821 0.947574 0.164876 0.103924 0.256627
