1 0.664385 0.122307 0.154492 0.203233 0.910894
1 0.0698404 0.41012 0.139176 0.201026 0.895211
1 0.94123 0.616773 0.117541 0.226788 0.881185
1 0.541827 0.270563 0.149563 0.195935 0.877217
1 0.751071 0.426213 0.120469 0.193438 0.86524
2 0.145182 0.699684 0.287994 0.386 0.850836
1 0.876491 0.418413 0.166247 0.22965 0.848315
1 0.552283 0.794196 0.194881 0.266638 0.83912
0 0.938068 0.920604 0.0753127 0.081587 0.837495
1 0.208451 0.103468 0.157561 0.206936 0.774775
1 0.629053 0.572672 0.189663 0.231887 0.710618
1 0.0241241 0.222288 0.0480341 0.223412 0.533599
1 0.951879 0.834956 0.0962417 0.220141 0.447185
1 0.528437 0.0821436 0.158722 0.162277 0.38311
1 0.966875 0.225181 0.0662096 0.256261 0.315587
1 0.814743 0.9444 0.204681 0.110922 0.291117
1 0.966527 0.222737 0.0669464 0.253362 0.281088
