1 0.247832 0.894582 0.195107 0.194018 0.867186
1 0.268914 0.148917 0.183533 0.260834 0.865216
1 0.889042 0.740218 0.1733 0.228603 0.812604
1 0.292219 0.422887 0.209117 0.256315 0.721542
1 0.755404 0.496131 0.178601 0.213278 0.694802
1 0.0874632 0.962251 0.167492 0.075373 0.684129
1 0.28933 0.689982 0.193633 0.234681 0.627384
1 0.917707 0.923069 0.164587 0.152843 0.626875
1 0.440926 0.503126 0.191108 0.231619 0.537596
1 0.530209 0.825732 0.126127 0.233129 0.513232
1 0.919562 0.0919324 0.160876 0.183474 0.45764
2 0.0656545 0.76678 0.129537 0.371427 0.453589
1 0.9608 0.437295 0.0783564 0.224721 0.443859
1 0.0246094 0.162148 0.0492189 0.247178 0.413652
2 0.0665055 0.764553 0.130925 0.36153 0.343754
1 0.44487 0.628704 0.201394 0.196513 0.325365
1 0.915584 0.350055 0.155227 0.211499 0.313154
1 0.289163 0.686606 0.200947 0.233084 0.306055
1 0.41871 0.257279 0.183678 0.235146 0.259149
1 0.0516908 0.439465 0.103382 0.263421 0.252994
