1 0.329948 0.387282 0.14632 0.200822 0.932395
1 0.405115 0.175889 0.170736 0.234801 0.928265
2 0.117743 0.701898 0.235486 0.327091 0.917189
1 0.355208 0.822293 0.163047 0.201744 0.906658
1 0.529191 0.644647 0.175328 0.237914 0.892558
1 0.232948 0.0849727 0.164197 0.168171 0.876523
1 0.741836 0.888936 0.158145 0.218386 0.85233
1 0.779971 0.383376 0.157045 0.21006 0.820987
1 0.813731 0.0540262 0.198152 0.106805 0.802999
1 0.761831 0.632062 0.177626 0.249634 0.730474
1 0.638226 0.361966 0.143711 0.214839 0.712781
1 0.546678 0.373748 0.186259 0.278174 0.704195
1 0.194227 0.455956 0.163759 0.240954 0.686989
1 0.0285218 0.938073 0.0564681 0.123855 0.653998
1 0.617511 0.823129 0.118047 0.215833 0.636566
1 0.079688 0.202003 0.155949 0.188369 0.62003
1 0.511869 0.926522 0.160932 0.145917 0.592372
1 0.963392 0.0741891 0.0732156 0.148378 0.561073
1 0.966852 0.391618 0.0662677 0.249158 0.487028
1 0.966647 0.386845 0.0667051 0.240445 0.469757
1 0.978547 0.224563 0.0429052 0.20005 0.451587
1 0.549406 0.837962 0.132223 0.229364 0.445959
1 0.480332 0.022271 0.156176 0.044542 0.41147
0 0.00742653 0.804126 0.0148449 0.0615699 0.287491
1 0.813819 0.0544094 0.196874 0.10819 0.257917
