1 0.763254 0.176746 0.151199 0.227441 0.937333
1 0.600975 0.0991578 0.184543 0.197612 0.918836
1 0.622386 0.505972 0.144761 0.212948 0.904358
1 0.38792 0.258617 0.166487 0.193512 0.90194
1 0.765173 0.910685 0.163301 0.17863 0.900089
1 0.60212 0.298222 0.192493 0.19936 0.885522
1 0.83374 0.615041 0.187176 0.221829 0.880934
1 0.0795369 0.322624 0.157499 0.243141 0.880645
1 0.154317 0.934228 0.183729 0.131038 0.875974
1 0.331669 0.914213 0.167271 0.171574 0.8755
1 0.0886901 0.755446 0.176318 0.25262 0.801189
2 0.424972 0.552207 0.324978 0.47331 0.767157
1 0.162055 0.0401003 0.183439 0.0795225 0.71268
1 0.0497649 0.51061 0.0991685 0.199291 0.547736
1 0.796165 0.411123 0.1873 0.214171 0.539677
1 0.531207 0.863418 0.182838 0.245622 0.538225
1 0.918213 0.166494 0.161748 0.254225 0.397001
1 0.918817 0.166838 0.162366 0.252684 0.385423
