2 0.542323 0.540842 0.229775 0.278242 0.898036
1 0.250875 0.227834 0.184409 0.192309 0.891621
1 0.260392 0.635438 0.177682 0.221566 0.874852
1 0.415097 0.187861 0.171495 0.219274 0.858402
1 0.899501 0.53431 0.157339 0.187931 0.83692
1 0.109246 0.51371 0.198342 0.262448 0.821521
1 0.859308 0.883142 0.185617 0.233716 0.814556
1 0.0670953 0.159145 0.133719 0.22673 0.77855
1 0.612288 0.080023 0.211757 0.159261 0.754895
1 0.96695 0.70595 0.0661008 0.209219 0.744406
1 0.225028 0.859555 0.165057 0.228187 0.706008
1 0.0673503 0.671359 0.133397 0.216793 0.695774
1 0.95635 0.904307 0.0873003 0.191387 0.578907
1 0.77205 0.202042 0.153938 0.165483 0.569784
1 0.561783 0.287969 0.175811 0.204261 0.529819
1 0.740136 0.745291 0.148993 0.211834 0.480247
1 0.962607 0.310049 0.0746574 0.227486 0.424305
1 0.375488 0.374404 0.180191 0.198454 0.384562
1 0.139663 0.0486464 0.139355 0.0972928 0.3583
1 0.738378 0.440291 0.147307 0.226852 0.336044
1 0.52688 0.841379 0.169714 0.200305 0.308569
1 0.911846 0.1198 0.17455 0.236231 0.29792
1 0.225209 0.858898 0.167132 0.232009 0.291292
1 0.437193 0.0395508 0.166775 0.0784082 0.2859
1 0.342837 0.554447 0.130843 0.216474 0.280139
1 0.0686984 0.912481 0.136181 0.174212 0.259922
