1 0.291401 0.80828 0.166296 0.197188 0.904523
1 0.0658194 0.241792 0.130628 0.200782 0.879944
1 0.405453 0.338608 0.159322 0.234741 0.814236
1 0.239609 0.0714934 0.154175 0.141698 0.805173
1 0.396705 0.0886221 0.177042 0.177244 0.79753
0 0.928268 0.516737 0.0636874 0.0889743 0.777175
1 0.811509 0.366479 0.144404 0.18152 0.741807
1 0.570073 0.926541 0.146611 0.146371 0.728846
1 0.202469 0.249385 0.179549 0.196561 0.727984
1 0.439739 0.902754 0.163326 0.194491 0.695157
1 0.703768 0.802393 0.155915 0.225794 0.693698
1 0.283247 0.422985 0.145465 0.188844 0.68214
1 0.963284 0.660219 0.0734328 0.230562 0.649188
1 0.808639 0.0781048 0.173548 0.154613 0.588884
1 0.699654 0.155725 0.171705 0.207363 0.559826
2 0.526356 0.630914 0.322866 0.366756 0.553564
1 0.53804 0.028142 0.181794 0.0556895 0.377467
1 0.1245 0.628158 0.154238 0.225537 0.354429
1 0.0149116 0.080654 0.0298232 0.161308 0.296647
1 0.167423 0.709292 0.137042 0.211844 0.274846
2 0.528826 0.63033 0.321994 0.368896 0.253367
