1 0.183859 0.262833 0.156875 0.216315 0.914019
1 0.286317 0.723244 0.164211 0.23045 0.907079
1 0.698793 0.784033 0.155329 0.214099 0.892567
1 0.840026 0.914031 0.177712 0.171938 0.884774
1 0.0698395 0.194433 0.139428 0.218386 0.863588
1 0.323801 0.938919 0.175062 0.121409 0.857827
1 0.272716 0.0385556 0.161266 0.0769217 0.79787
2 0.614634 0.284589 0.371912 0.408818 0.79097
1 0.346781 0.277915 0.166558 0.197524 0.790075
1 0.947496 0.0455771 0.105007 0.0908885 0.770126
1 0.4491 0.594568 0.17565 0.282085 0.741331
1 0.0786833 0.953661 0.157367 0.0925103 0.681854
1 0.348857 0.155735 0.156393 0.209844 0.673656
1 0.485951 0.962726 0.174259 0.0744132 0.649702
1 0.916246 0.70821 0.159236 0.219306 0.64641
1 0.0534129 0.425306 0.106826 0.230301 0.636261
1 0.669351 0.963806 0.167221 0.0723078 0.616636
1 0.805536 0.444239 0.166537 0.235319 0.512349
1 0.189387 0.486797 0.167478 0.195932 0.479049
1 0.982519 0.348707 0.0349611 0.238053 0.423586
1 0.806294 0.449106 0.162516 0.244028 0.349582
1 0.154736 0.84618 0.139196 0.177058 0.348074
1 0.955831 0.737905 0.0883372 0.177221 0.336202
1 0.63587 0.754797 0.125919 0.2179 0.309546
1 0.235535 0.600856 0.214804 0.173879 0.280488
