1 0.891593 0.329422 0.162484 0.216138 0.932433
1 0.240296 0.701649 0.167815 0.235434 0.91015
2 0.644778 0.232404 0.334026 0.426005 0.892964
1 0.506966 0.825851 0.162129 0.221762 0.891137
1 0.505921 0.505421 0.150414 0.208025 0.887641
1 0.799077 0.524057 0.18232 0.233523 0.866759
1 0.380523 0.105453 0.18048 0.210127 0.851586
1 0.628538 0.599124 0.160242 0.21957 0.844218
1 0.333154 0.541783 0.157161 0.212998 0.824832
1 0.379282 0.321674 0.165977 0.215387 0.776126
1 0.76754 0.914933 0.16417 0.170107 0.735933
1 0.953855 0.78206 0.0922906 0.236186 0.727396
1 0.203015 0.475159 0.170086 0.233994 0.71503
0 0.237051 0.0353397 0.0699725 0.0706794 0.675986
1 0.85414 0.748324 0.155294 0.228883 0.564779
1 0.311478 0.882998 0.140812 0.195989 0.51558
1 0.135988 0.0808889 0.160194 0.160716 0.481982
1 0.0898244 0.947539 0.176613 0.104718 0.470643
1 0.316672 0.170644 0.187893 0.190889 0.465547
1 0.424109 0.975357 0.191273 0.0491478 0.461431
1 0.979154 0.911868 0.041692 0.176264 0.393104
1 0.0319981 0.273568 0.0639962 0.247525 0.370937
1 0.953454 0.507262 0.0930913 0.216336 0.34095
1 0.136123 0.0804369 0.159977 0.160776 0.333504
0 0.960657 0.616405 0.0485905 0.0670477 0.275554
1 0.0862872 0.765464 0.165887 0.238092 0.268836
1 0.625605 0.825438 0.184218 0.219115 0.265305
