2 0.626887 0.824119 0.282823 0.348705 0.914425
1 0.859451 0.942837 0.197376 0.113335 0.86615
1 0.354581 0.451346 0.167381 0.2384 0.81838
1 0.473123 0.946108 0.19907 0.107517 0.81067
1 0.511883 0.30202 0.177659 0.224554 0.781505
1 0.65064 0.102548 0.180427 0.205022 0.729975
1 0.142963 0.487594 0.197101 0.249392 0.670312
1 0.933833 0.223056 0.132335 0.251532 0.658672
1 0.086038 0.0655751 0.172076 0.13115 0.650764
0 0.480785 0.729438 0.0522647 0.0801963 0.643356
0 0.15531 0.141087 0.0603422 0.0815694 0.610277
1 0.876412 0.436517 0.182411 0.218033 0.557528
0 0.345901 0.0136505 0.0736517 0.027301 0.504008
1 0.0288157 0.173862 0.0576314 0.248063 0.500429
1 0.103689 0.828605 0.189058 0.247156 0.490677
1 0.951651 0.406199 0.0966406 0.238526 0.429389
1 0.469434 0.0744262 0.174732 0.147042 0.39799
1 0.934567 0.223807 0.130866 0.25259 0.396089
1 0.263176 0.705873 0.165242 0.271387 0.366534
1 0.0855305 0.0653401 0.171061 0.130614 0.298805
1 0.826637 0.147887 0.141568 0.227196 0.284076
1 0.0397211 0.61799 0.078804 0.287049 0.282669
1 0.121129 0.301421 0.188452 0.244365 0.277238
1 0.650167 0.102171 0.180467 0.204342 0.270684
