2 0.475483 0.671823 0.19989 0.257602 0.889907
1 0.459632 0.402916 0.208558 0.213477 0.885717
1 0.190693 0.194002 0.160168 0.190359 0.871877
1 0.451586 0.0881431 0.16416 0.174001 0.823807
1 0.846569 0.0895172 0.170061 0.177143 0.776547
1 0.756172 0.886282 0.276014 0.227437 0.768319
1 0.947363 0.312955 0.105273 0.194561 0.750473
1 0.812927 0.274828 0.163939 0.236174 0.740023
1 0.970847 0.599954 0.0583056 0.202356 0.630286
1 0.670197 0.0754498 0.21763 0.149876 0.496567
1 0.783847 0.889285 0.210527 0.221429 0.389079
1 0.289985 0.246961 0.179007 0.179019 0.382422
1 0.0521576 0.816428 0.104315 0.264442 0.321005
1 0.134408 0.0429804 0.193868 0.084986 0.298293
1 0.144438 0.0418354 0.209701 0.0828002 0.289217
