1 0.918482 0.520994 0.163037 0.215852 0.889392
1 0.925699 0.747069 0.148603 0.21692 0.87244
2 0.540792 0.490267 0.331781 0.483075 0.861797
1 0.587071 0.160807 0.18495 0.224652 0.852483
1 0.128758 0.103876 0.174365 0.207753 0.822356
1 0.312893 0.327608 0.193317 0.223481 0.813668
1 0.385775 0.72197 0.14978 0.206368 0.802297
1 0.237434 0.898025 0.157817 0.20395 0.758633
1 0.155898 0.413175 0.164156 0.202378 0.73255
1 0.0802599 0.942534 0.160125 0.113805 0.66742
1 0.0384463 0.482433 0.0768926 0.201035 0.622188
1 0.820381 0.338874 0.194516 0.22584 0.613366
1 0.631808 0.918053 0.16375 0.163894 0.589045
1 0.459326 0.0706455 0.171036 0.139662 0.573331
1 0.528586 0.813142 0.140953 0.208129 0.568202
1 0.247376 0.0363492 0.173337 0.0723257 0.549975
1 0.871511 0.901912 0.167893 0.196175 0.527079
1 0.161039 0.649583 0.191127 0.246013 0.427403
1 0.528802 0.813788 0.143851 0.209384 0.399949
1 0.778477 0.107996 0.170803 0.215992 0.364118
