1 0.158147 0.897139 0.167548 0.200773 0.874804
2 0.411325 0.711638 0.386578 0.43719 0.862291
1 0.0795273 0.218179 0.156328 0.199103 0.829364
1 0.581084 0.308163 0.185009 0.245629 0.816263
1 0.754271 0.91885 0.200932 0.162301 0.804674
1 0.043306 0.0692245 0.0864337 0.138449 0.593267
1 0.969539 0.15793 0.0609212 0.1711 0.56695
1 0.714842 0.457562 0.140365 0.204496 0.406813
1 0.900392 0.80431 0.188175 0.221343 0.361852
1 0.882639 0.20809 0.15373 0.211152 0.337758
1 0.201573 0.168029 0.196566 0.179671 0.336032
1 0.346921 0.231409 0.183107 0.221785 0.331483
1 0.23867 0.0459635 0.184181 0.0918215 0.303304
1 0.229057 0.430361 0.212061 0.197958 0.284471
1 0.0972372 0.750757 0.170541 0.221969 0.282333
