0 0.137643 0.344336 0.0658207 0.0885362 0.855084
1 0.713086 0.559542 0.169407 0.208275 0.807573
2 0.573831 0.805789 0.367122 0.372798 0.804655
1 0.858789 0.236094 0.165589 0.229151 0.799004
1 0.949097 0.613774 0.101807 0.220204 0.766184
1 0.0837262 0.180296 0.166373 0.23679 0.727783
1 0.2377 0.279715 0.179734 0.249981 0.727401
1 0.74726 0.397793 0.164094 0.183141 0.586196
1 0.871823 0.738095 0.182728 0.229433 0.583633
1 0.293251 0.0866967 0.176841 0.172281 0.577946
1 0.863671 0.933983 0.161512 0.131235 0.569853
1 0.50697 0.268646 0.198721 0.219475 0.562202
1 0.356522 0.491276 0.176325 0.224029 0.445328
1 0.356058 0.490839 0.18001 0.22563 0.326228
1 0.326299 0.729235 0.188951 0.211289 0.322046
1 0.957884 0.92277 0.0842329 0.154333 0.319473
1 0.154609 0.0890495 0.154173 0.176023 0.286347
1 0.850256 0.391978 0.157815 0.20016 0.284589
