1 0.919324 0.394772 0.161353 0.234924 0.922236
2 0.756279 0.746685 0.175443 0.244948 0.866955
1 0.835786 0.161728 0.165476 0.236013 0.847091
1 0.80078 0.531188 0.172951 0.251018 0.826067
1 0.377471 0.343074 0.172575 0.24236 0.822025
1 0.153104 0.0891379 0.179034 0.178276 0.818686
1 0.222761 0.896725 0.157657 0.201292 0.814993
1 0.115345 0.40661 0.171597 0.230984 0.786388
1 0.598572 0.954924 0.191696 0.08994 0.723803
1 0.0839058 0.646165 0.154271 0.230199 0.644199
1 0.0943748 0.275117 0.141978 0.241387 0.620202
1 0.370695 0.747312 0.181721 0.238179 0.61251
1 0.501569 0.277982 0.170637 0.207422 0.602193
1 0.643439 0.430154 0.162974 0.236578 0.60115
1 0.937573 0.524534 0.124855 0.208971 0.599368
1 0.0930309 0.768241 0.149863 0.221468 0.5848
1 0.676281 0.133031 0.146497 0.225512 0.5699
1 0.961869 0.051588 0.0762628 0.103176 0.545703
1 0.277095 0.115442 0.156835 0.228758 0.536849
1 0.319846 0.877991 0.140327 0.194998 0.471401
0 0.243701 0.282681 0.0614931 0.0881383 0.470191
1 0.480216 0.47923 0.16659 0.222937 0.424326
1 0.744189 0.945434 0.166491 0.108942 0.413919
1 0.926861 0.808525 0.146279 0.230815 0.378337
1 0.485189 0.486586 0.158336 0.209791 0.332948
1 0.321163 0.613458 0.159169 0.197287 0.28521
1 0.314355 0.0461775 0.156658 0.0922752 0.264436
1 0.322176 0.616758 0.156869 0.204789 0.251248
