2 0.576716 0.354679 0.365724 0.482708 0.920973
1 0.918806 0.324436 0.162387 0.222976 0.906882
1 0.920994 0.540936 0.158012 0.229503 0.899108
1 0.776986 0.649593 0.179704 0.235899 0.891008
1 0.0438648 0.101604 0.0876851 0.203208 0.850307
1 0.571142 0.922611 0.173033 0.154418 0.836918
1 0.355976 0.698731 0.160511 0.209652 0.825103
1 0.963495 0.895483 0.0730107 0.209033 0.778414
1 0.45544 0.830881 0.156101 0.222235 0.755922
1 0.601779 0.708899 0.17537 0.248199 0.711881
1 0.981664 0.0720209 0.0366713 0.144042 0.703981
1 0.344571 0.105503 0.159543 0.211006 0.643164
1 0.124292 0.941475 0.17238 0.116501 0.612614
1 0.165519 0.0675235 0.158854 0.134544 0.512557
1 0.0771402 0.663296 0.154119 0.259146 0.429777
1 0.76603 0.872518 0.169859 0.217451 0.37602
1 0.0798492 0.6689 0.159339 0.247974 0.353863
1 0.763387 0.0688623 0.185917 0.136338 0.34079
1 0.309366 0.446617 0.166463 0.21857 0.323445
1 0.344738 0.105513 0.161451 0.211026 0.308131
1 0.0168317 0.312155 0.0336634 0.252657 0.277123
1 0.361125 0.243331 0.15523 0.192045 0.276995
1 0.18652 0.244916 0.178611 0.21054 0.276631
1 0.325782 0.938975 0.190821 0.121093 0.266383
1 0.361111 0.244037 0.158248 0.193292 0.256252
