2 0.399782 0.312652 0.23865 0.304726 0.879434
1 0.45558 0.60119 0.194383 0.221821 0.743213
1 0.964308 0.202715 0.0712651 0.233637 0.724298
1 0.623343 0.957749 0.149227 0.0844831 0.720035
1 0.46565 0.0826797 0.168007 0.165359 0.709924
1 0.0272236 0.604074 0.0544472 0.313012 0.69975
1 0.235063 0.187328 0.130972 0.206599 0.661647
1 0.19766 0.416705 0.202671 0.258992 0.612257
1 0.223248 0.697924 0.160088 0.197191 0.601551
1 0.891416 0.839445 0.163822 0.219488 0.546101
1 0.979045 0.539887 0.0419096 0.243461 0.452482
1 0.960045 0.683044 0.079909 0.208347 0.440655
1 0.68232 0.89542 0.153552 0.176725 0.42688
1 0.196639 0.413481 0.210788 0.256358 0.408345
1 0.7472 0.505604 0.174765 0.22801 0.396999
1 0.95953 0.0471705 0.0809393 0.094293 0.319555
1 0.648348 0.701347 0.197827 0.260481 0.279512
1 0.0720521 0.951459 0.144084 0.0969968 0.267624
