1 0.474051 0.301481 0.140143 0.212856 0.924234
2 0.462016 0.797726 0.349196 0.391495 0.844998
1 0.0822905 0.311589 0.159813 0.244445 0.791438
1 0.413046 0.0342918 0.170137 0.0682234 0.717493
1 0.510799 0.547873 0.164831 0.203353 0.70004
1 0.164006 0.968951 0.168543 0.0619974 0.553911
1 0.263174 0.045038 0.143827 0.0900609 0.553551
1 0.691662 0.889848 0.152197 0.220304 0.511785
1 0.0765306 0.725845 0.152103 0.19228 0.43887
1 0.0176885 0.105183 0.0353771 0.210366 0.328011
1 0.0175979 0.528529 0.0351958 0.260935 0.29425
1 0.873407 0.930774 0.181586 0.137988 0.277759
