1 0.724094 0.892578 0.190248 0.201777 0.93644
1 0.452753 0.924619 0.170976 0.150366 0.928061
1 0.336876 0.398149 0.175199 0.22986 0.917126
1 0.88256 0.621315 0.18712 0.208311 0.906571
1 0.103307 0.626637 0.183626 0.204229 0.899329
1 0.689698 0.712062 0.152828 0.162485 0.893929
1 0.506477 0.721838 0.157922 0.259231 0.873682
1 0.0786238 0.269819 0.15362 0.204632 0.854792
1 0.280583 0.768726 0.156465 0.227678 0.844598
1 0.0982058 0.811831 0.183532 0.239497 0.802888
0 0.0179725 0.788425 0.0359449 0.0716282 0.796263
1 0.965767 0.924123 0.0683862 0.151408 0.789692
1 0.963696 0.102826 0.072607 0.205652 0.788778
1 0.961269 0.634388 0.0774388 0.222603 0.781751
1 0.179616 0.0892475 0.154297 0.17636 0.776152
1 0.548745 0.0854428 0.16032 0.170886 0.74485
2 0.658263 0.419304 0.326504 0.399364 0.730412
1 0.854183 0.182561 0.153119 0.259531 0.703008
1 0.457827 0.355293 0.167229 0.242382 0.699929
1 0.0842564 0.464428 0.168004 0.211527 0.65489
1 0.242014 0.968603 0.143266 0.0627304 0.632382
0 0.580074 0.884549 0.074937 0.107055 0.575781
1 0.696828 0.165766 0.164521 0.158255 0.477072
1 0.798865 0.043202 0.174779 0.086404 0.463188
1 0.255316 0.199386 0.165866 0.19583 0.382939
1 0.114892 0.968258 0.150833 0.0634267 0.330563
1 0.0426835 0.964115 0.0853669 0.0717699 0.320906
0 0.965152 0.328454 0.069696 0.101992 0.293807
