2 0.686216 0.150535 0.24008 0.301069 0.919834
1 0.472863 0.59121 0.168191 0.230015 0.915091
1 0.588294 0.448171 0.166029 0.231453 0.907951
1 0.417269 0.194318 0.173621 0.220312 0.817084
1 0.409429 0.712322 0.164353 0.241901 0.786165
1 0.731162 0.525438 0.160652 0.198985 0.754243
1 0.266382 0.905596 0.211373 0.188808 0.743865
1 0.829444 0.673296 0.194626 0.259835 0.738547
1 0.0658453 0.928679 0.131173 0.14199 0.714922
1 0.966174 0.53358 0.0675925 0.277304 0.697764
1 0.268721 0.236107 0.172235 0.26611 0.569259
0 0.819263 0.0134801 0.0669256 0.0269602 0.561552
1 0.483143 0.333041 0.163673 0.230278 0.503812
1 0.641537 0.858392 0.236989 0.281879 0.50317
1 0.316811 0.0504901 0.163807 0.100838 0.472828
1 0.234739 0.408936 0.179171 0.2263 0.335356
1 0.933559 0.943989 0.132882 0.111861 0.282819
1 0.422122 0.965773 0.192761 0.0684264 0.279568
1 0.0810767 0.267737 0.159363 0.278827 0.278718
0 0.387761 0.337004 0.0587358 0.0739398 0.261957
