2 0.347102 0.101344 0.285952 0.202687 0.911917
1 0.931795 0.534688 0.13641 0.231848 0.892314
1 0.612937 0.436603 0.166322 0.19913 0.851062
1 0.168124 0.662414 0.154088 0.236156 0.840557
1 0.0460487 0.787171 0.0916179 0.213681 0.805001
1 0.837844 0.146538 0.166266 0.239856 0.795935
1 0.896644 0.772631 0.174159 0.245673 0.792916
1 0.958906 0.75053 0.0821874 0.228132 0.671367
1 0.443704 0.78275 0.171157 0.226245 0.66688
1 0.210215 0.888042 0.144737 0.223917 0.567868
1 0.544049 0.0332759 0.162908 0.0658325 0.560824
1 0.632963 0.745895 0.149138 0.205052 0.440533
1 0.0804518 0.0341919 0.151957 0.0677382 0.402608
1 0.470166 0.395183 0.180229 0.228077 0.402147
1 0.771685 0.0941643 0.158682 0.188329 0.398527
1 0.966648 0.925312 0.0667035 0.147119 0.376151
1 0.0776764 0.192573 0.155351 0.220059 0.352977
1 0.703747 0.0938679 0.154747 0.186883 0.349678
1 0.766289 0.949445 0.156616 0.100917 0.305174
1 0.190151 0.0700547 0.110878 0.138461 0.270899
