1 0.073103 0.645941 0.146206 0.248937 0.951689
1 0.0567241 0.225783 0.113448 0.232271 0.902764
1 0.613915 0.381479 0.167082 0.217716 0.89442
1 0.782721 0.299534 0.187779 0.260048 0.888429
1 0.802159 0.714917 0.164122 0.238665 0.886203
2 0.563418 0.738853 0.473157 0.504628 0.868159
1 0.352508 0.047372 0.173126 0.0943866 0.855608
1 0.0592921 0.879548 0.118209 0.207325 0.84906
1 0.934051 0.96366 0.131898 0.0726485 0.835262
1 0.432998 0.306789 0.165506 0.246751 0.831772
1 0.290711 0.953504 0.175964 0.0928116 0.800823
1 0.929733 0.790945 0.140534 0.211484 0.794436
1 0.0532696 0.458577 0.106539 0.226763 0.738732
1 0.351651 0.505631 0.184908 0.207808 0.681225
1 0.930122 0.790693 0.139755 0.210912 0.665567
1 0.250297 0.748815 0.171438 0.254483 0.645229
1 0.123917 0.0339495 0.159567 0.0677509 0.584014
1 0.948378 0.13756 0.103244 0.27512 0.548386
1 0.948146 0.14068 0.103707 0.268962 0.454992
1 0.350556 0.507472 0.186129 0.208206 0.443554
1 0.649059 0.107114 0.168332 0.214228 0.363769
