2 0.495845 0.865417 0.202616 0.264978 0.913402
1 0.69775 0.238531 0.170796 0.221332 0.884784
1 0.0344322 0.434657 0.0688505 0.209842 0.863306
1 0.257661 0.192629 0.175105 0.243588 0.845578
0 0.169535 0.458601 0.0577735 0.0783025 0.818735
1 0.229475 0.590545 0.18691 0.219083 0.817074
1 0.596868 0.641449 0.165191 0.233932 0.784985
1 0.957361 0.103964 0.085279 0.207929 0.783815
1 0.695306 0.816912 0.158647 0.186965 0.776912
1 0.370527 0.472578 0.185593 0.191876 0.722685
1 0.961883 0.351261 0.0762342 0.251774 0.688235
0 0.292766 0.906472 0.104983 0.132042 0.638574
1 0.0807521 0.777794 0.159988 0.20594 0.599683
1 0.481378 0.121538 0.149913 0.221906 0.487501
1 0.887116 0.890443 0.158625 0.219114 0.47886
1 0.859703 0.0344001 0.167204 0.0682644 0.42231
1 0.888329 0.890073 0.158245 0.219854 0.399988
1 0.0563494 0.0680586 0.112017 0.134922 0.350098
1 0.418219 0.59313 0.183199 0.212744 0.320275
1 0.172063 0.268484 0.163807 0.232452 0.289441
1 0.567472 0.425236 0.190279 0.238982 0.284447
