2 0.537947 0.226529 0.287583 0.370038 0.86342
1 0.909171 0.106851 0.181657 0.213702 0.835696
1 0.673316 0.53227 0.176437 0.235424 0.808634
1 0.359596 0.46912 0.162076 0.25935 0.730388
1 0.697421 0.324321 0.155422 0.205464 0.63851
1 0.926827 0.92155 0.146345 0.156899 0.613015
1 0.322533 0.141149 0.174765 0.241445 0.594277
1 0.222088 0.965626 0.177517 0.0686522 0.519129
1 0.786796 0.919113 0.157689 0.161773 0.432954
1 0.0700982 0.352611 0.139843 0.222634 0.410392
1 0.602577 0.921072 0.196502 0.15692 0.286227
1 0.98022 0.48866 0.0395602 0.227798 0.256135
1 0.929734 0.672801 0.140533 0.261262 0.250198
